### Layouts repository

# Straightforward 18 qubits

[[0, 1, 1, 1, 1, 1, 1, 1, 1, 1, 1, 1, 1, 1, 1, 1, 1, 1], [1, 0, 1, 1, 1, 1, 1, 1, 1, 1, 1, 1, 1, 1, 1, 1, 1, 1], [1, 1, 0, 1, 1, 1, 1, 1, 1, 1, 1, 1, 1, 1, 1, 1, 1, 1], [1, 1, 1, 0, 1, 1, 1, 1, 1, 1, 1, 1, 1, 1, 1, 1, 1, 1], [1, 1, 1, 1, 0, 1, 1, 1, 1, 1, 1, 1, 1, 1, 1, 1, 1, 1], [1, 1, 1, 1, 1, 0, 1, 1, 1, 1, 1, 1, 1, 1, 1, 1, 1, 1], [1, 1, 1, 1, 1, 1, 0, 1, 1, 1, 1, 1, 1, 1, 1, 1, 1, 1], [1, 1, 1, 1, 1, 1, 1, 0, 1, 1, 1, 1, 1, 1, 1, 1, 1, 1], [1, 1, 1, 1, 1, 1, 1, 1, 0, 1, 1, 1, 1, 1, 1, 1, 1, 1], [1, 1, 1, 1, 1, 1, 1, 1, 1, 0, 1, 1, 1, 1, 1, 1, 1, 1], [1, 1, 1, 1, 1, 1, 1, 1, 1, 1, 0, 1, 1, 1, 1, 1, 1, 1], [1, 1, 1, 1, 1, 1, 1, 1, 1, 1, 1, 0, 1, 1, 1, 1, 1, 1], [1, 1, 1, 1, 1, 1, 1, 1, 1, 1, 1, 1, 0, 1, 1, 1, 1, 1], [1, 1, 1, 1, 1, 1, 1, 1, 1, 1, 1, 1, 1, 0, 1, 1, 1, 1], [1, 1, 1, 1, 1, 1, 1, 1, 1, 1, 1, 1, 1, 1, 0, 1, 1, 1], [1, 1, 1, 1, 1, 1, 1, 1, 1, 1, 1, 1, 1, 1, 1, 0, 1, 1], [1, 1, 1, 1, 1, 1, 1, 1, 1, 1, 1, 1, 1, 1, 1, 1, 0, 1], [1, 1, 1, 1, 1, 1, 1, 1, 1, 1, 1, 1, 1, 1, 1, 1, 1, 0]]


# Mixed 16 qubits

[[0, 1, -1, 1, -1, 1, -1, 1, -1, 1, -1, 1, -1, 1, -1, 1], [1, 0, -1, 1, -1, 1, -1, 1, -1, 1, -1, 1, -1, 1, -1, 1], [-1, -1, 0, 1, -1, 1, -1, 1, -1, 1, -1, 1, -1, 1, -1, 1], [1, 1, 1, 0, -1, 1, -1, 1, -1, 1, -1, 1, -1, 1, -1, 1], [-1, -1, -1, -1, 0, 1, -1, 1, -1, 1, -1, 1, -1, 1, -1, 1], [1, 1, 1, 1, 1, 0, -1, 1, -1, 1, -1, 1, -1, 1, -1, 1], [-1, -1, -1, -1, -1, -1, 0, 1, -1, 1, -1, 1, -1, 1, -1, 1], [1, 1, 1, 1, 1, 1, 1, 0, -1, 1, -1, 1, -1, 1, -1, 1], [-1, -1, -1, -1, -1, -1, -1, -1, 0, 1, -1, 1, -1, 1, -1, 1], [1, 1, 1, 1, 1, 1, 1, 1, 1, 0, -1, 1, -1, 1, -1, 1], [-1, -1, -1, -1, -1, -1, -1, -1, -1, -1, 0, 1, -1, 1, -1, 1], [1, 1, 1, 1, 1, 1, 1, 1, 1, 1, 1, 0, -1, 1, -1, 1], [-1, -1, -1, -1, -1, -1, -1, -1, -1, -1, -1, -1, 0, 1, -1, 1], [1, 1, 1, 1, 1, 1, 1, 1, 1, 1, 1, 1, 1, 0, -1, 1], [-1, -1, -1, -1, -1, -1, -1, -1, -1, -1, -1, -1, -1, -1, 0, 1], [1, 1, 1, 1, 1, 1, 1, 1, 1, 1, 1, 1, 1, 1, 1, 0]]


# Straightforward 16 qubits

[[0, 1, 1, 1, 1, 1, 1, 1, 1, 1, 1, 1, 1, 1, 1, 1], [1, 0, 1, 1, 1, 1, 1, 1, 1, 1, 1, 1, 1, 1, 1, 1], [1, 1, 0, 1, 1, 1, 1, 1, 1, 1, 1, 1, 1, 1, 1, 1], [1, 1, 1, 0, 1, 1, 1, 1, 1, 1, 1, 1, 1, 1, 1, 1], [1, 1, 1, 1, 0, 1, 1, 1, 1, 1, 1, 1, 1, 1, 1, 1], [1, 1, 1, 1, 1, 0, 1, 1, 1, 1, 1, 1, 1, 1, 1, 1], [1, 1, 1, 1, 1, 1, 0, 1, 1, 1, 1, 1, 1, 1, 1, 1], [1, 1, 1, 1, 1, 1, 1, 0, 1, 1, 1, 1, 1, 1, 1, 1], [1, 1, 1, 1, 1, 1, 1, 1, 0, 1, 1, 1, 1, 1, 1, 1], [1, 1, 1, 1, 1, 1, 1, 1, 1, 0, 1, 1, 1, 1, 1, 1], [1, 1, 1, 1, 1, 1, 1, 1, 1, 1, 0, 1, 1, 1, 1, 1], [1, 1, 1, 1, 1, 1, 1, 1, 1, 1, 1, 0, 1, 1, 1, 1], [1, 1, 1, 1, 1, 1, 1, 1, 1, 1, 1, 1, 0, 1, 1, 1], [1, 1, 1, 1, 1, 1, 1, 1, 1, 1, 1, 1, 1, 0, 1, 1], [1, 1, 1, 1, 1, 1, 1, 1, 1, 1, 1, 1, 1, 1, 0, 1], [1, 1, 1, 1, 1, 1, 1, 1, 1, 1, 1, 1, 1, 1, 1, 0]]


# Straightforward 10 qubits

[[0, 1, 1, 1, 1, 1, 1, 1, 1, 1], [1, 0, 1, 1, 1, 1, 1, 1, 1, 1], [1, 1, 0, 1, 1, 1, 1, 1, 1, 1], [1, 1, 1, 0, 1, 1, 1, 1, 1, 1], [1, 1, 1, 1, 0, 1, 1, 1, 1, 1], [1, 1, 1, 1, 1, 0, 1, 1, 1, 1], [1, 1, 1, 1, 1, 1, 0, 1, 1, 1], [1, 1, 1, 1, 1, 1, 1, 0, 1, 1], [1, 1, 1, 1, 1, 1, 1, 1, 0, 1], [1, 1, 1, 1, 1, 1, 1, 1, 1, 0]]


# Straightforward 5 qubits

[[0, 1, 1, 1, 1], [1, 0, 1, 1, 1], [1, 1, 0, 1, 1], [1, 1, 1, 0, 1], [1, 1, 1, 1, 0]]


# Straightforward 4 qubits

[[0, 1, 1, 1], [1, 0, 1, 1], [1, 1, 0, 1], [1, 1, 1, 0]]


# Straightforward 3 qubits

[[0, 1, 1], [1, 0, 1], [1, 1, 0]]



